cam_model: Pinhole
cam_width: 752
cam_height: 480
cam_fx: 615.919033
cam_fy: 616.737665
cam_cx: 373.040552
cam_cy: 215.405700
cam_d0: 0
cam_d1: 0
cam_d2: 0
cam_d3: 0

